<?xml version="1.0"?>
<opencv_storage>
<calibration_time>"Sat Jan  6 11:05:11 2024"</calibration_time>
<nframes>19</nframes>
<image_width>1280</image_width>
<image_height>720</image_height>
<board_width>11</board_width>
<board_height>8</board_height>
<square_size>15.</square_size>
<first_image_point type_id="opencv-matrix">
  <rows>88</rows>
  <cols>2</cols>
  <dt>d</dt>
  <data>
    1.1514870452880859e+02 5.0456445312500000e+02 1.5201921081542969e+02
    4.9921630859375000e+02 1.8938916015625000e+02 4.9354013061523438e+02
    2.2690623474121094e+02 4.8775051879882812e+02 2.6470144653320312e+02
    4.8196179199218750e+02 3.0202416992187500e+02 4.7588882446289062e+02
    3.3907196044921875e+02 4.6977258300781250e+02 3.7518109130859375e+02
    4.6360537719726562e+02 4.1084179687500000e+02 4.5766387939453125e+02
    4.4018750000000000e+02 4.4779153442382812e+02 4.7922155761718750e+02
    4.4598733520507812e+02 1.1761199951171875e+02 5.2035400390625000e+02
    1.5623725891113281e+02 5.1454187011718750e+02 1.9525065612792969e+02
    5.0852102661132812e+02 2.3464598083496094e+02 5.0236056518554688e+02
    2.7379895019531250e+02 4.9585928344726562e+02 3.1291772460937500e+02
    4.8943505859375000e+02 3.5145532226562500e+02 4.8280422973632812e+02
    3.8909124755859375e+02 4.7635192871093750e+02 4.2594674682617188e+02
    4.6968356323242188e+02 4.6149786376953125e+02 4.6321929931640625e+02
    4.9623117065429688e+02 4.5684469604492188e+02 1.2057219696044922e+02
    5.3748980712890625e+02 1.6101583862304688e+02 5.3140759277343750e+02
    2.0187124633789062e+02 5.2485473632812500e+02 2.4309407043457031e+02
    5.1825280761718750e+02 2.8418121337890625e+02 5.1124679565429688e+02
    3.2488360595703125e+02 5.0422463989257812e+02 3.6487609863281250e+02
    4.9701501464843750e+02 4.0417391967773438e+02 4.8973724365234375e+02
    4.4242202758789062e+02 4.8269622802734375e+02 4.7918817138671875e+02
    4.7558682250976562e+02 5.1479309082031250e+02 4.6875054931640625e+02
    1.2390096282958984e+02 5.5634503173828125e+02 1.6633747863769531e+02
    5.4970074462890625e+02 2.0932748413085938e+02 5.4274157714843750e+02
    2.5251020812988281e+02 5.3549151611328125e+02 2.9550347900390625e+02
    5.2788873291015625e+02 3.3806689453125000e+02 5.2019464111328125e+02
    3.7991464233398438e+02 5.1236895751953125e+02 4.2056234741210938e+02
    5.0445339965820312e+02 4.6004281616210938e+02 4.9660906982421875e+02
    4.9831756591796875e+02 4.8896203613281250e+02 5.3500506591796875e+02
    4.8143936157226562e+02 1.2800720214843750e+02 5.7695776367187500e+02
    1.7252770996093750e+02 5.6988745117187500e+02 2.1765959167480469e+02
    5.6236871337890625e+02 2.6302282714843750e+02 5.5445318603515625e+02
    3.0813745117187500e+02 5.4620190429687500e+02 3.5260079956054688e+02
    5.3757305908203125e+02 3.9626089477539062e+02 5.2900860595703125e+02
    4.3860809326171875e+02 5.2035119628906250e+02 4.7953308105468750e+02
    5.1175756835937500e+02 5.1894061279296875e+02 5.0331286621093750e+02
    5.5661071777343750e+02 4.9496878051757812e+02 1.3270397949218750e+02
    5.9963793945312500e+02 1.7953352355957031e+02 5.9214776611328125e+02
    2.2722819519042969e+02 5.8392077636718750e+02 2.7475518798828125e+02
    5.7518499755859375e+02 3.2220684814453125e+02 5.6607556152343750e+02
    3.6872576904296875e+02 5.5657104492187500e+02 4.1427966308593750e+02
    5.4711291503906250e+02 4.5836575317382812e+02 5.3757922363281250e+02
    5.0081353759765625e+02 5.2806463623046875e+02 5.4132348632812500e+02
    5.1862927246093750e+02 5.8012298583984375e+02 5.0950811767578125e+02
    1.3838623046875000e+02 6.2490167236328125e+02 1.8774989318847656e+02
    6.1672521972656250e+02 2.3793782043457031e+02 6.0765979003906250e+02
    2.8824401855468750e+02 5.9802154541015625e+02 3.3801235961914062e+02
    5.8790441894531250e+02 3.8684997558593750e+02 5.7750177001953125e+02
    4.3436233520507812e+02 5.6681854248046875e+02 4.8027697753906250e+02
    5.5627783203125000e+02 5.2403906250000000e+02 5.4560803222656250e+02
    5.6596392822265625e+02 5.3533038330078125e+02 6.0570751953125000e+02
    5.2524243164062500e+02 1.4497601318359375e+02 6.5285949707031250e+02
    1.9725823974609375e+02 6.4390533447265625e+02 2.5034414672851562e+02
    6.3395483398437500e+02 3.0337814331054688e+02 6.2333508300781250e+02
    3.5567840576171875e+02 6.1204968261718750e+02 4.0702343750000000e+02
    6.0035839843750000e+02 4.5658053588867188e+02 5.8844366455078125e+02
    5.0428842163085938e+02 5.7655468750000000e+02 5.4959375000000000e+02
    5.6469781494140625e+02 5.9267669677734375e+02 5.5327185058593750e+02
    6.3339831542968750e+02 5.4183209228515625e+02</data></first_image_point>
<aspectRatio>1.</aspectRatio>
<flags>2</flags>
<camera_matrix type_id="opencv-matrix">
  <rows>3</rows>
  <cols>3</cols>
  <dt>d</dt>
  <data>
    8.7548787952404632e+02 0. 6.4487639284440138e+02 0.
    8.7548787952404632e+02 3.5394011094682185e+02 0. 0. 1.</data></camera_matrix>
<distortion_coefficients type_id="opencv-matrix">
  <rows>5</rows>
  <cols>1</cols>
  <dt>d</dt>
  <data>
    -3.8080807812437673e-01 1.9587696228560911e-01
    -9.7780298486373804e-05 6.4264198156204703e-04
    -7.0568616875441609e-02</data></distortion_coefficients>
<avg_reprojection_error>1.8898090362771416e-01</avg_reprojection_error>
<per_view_reprojection_errors type_id="opencv-matrix">
  <rows>19</rows>
  <cols>1</cols>
  <dt>f</dt>
  <data>
    6.99083984e-01 1.00873552e-01 9.58912000e-02 1.16341561e-01
    9.77100655e-02 1.12772450e-01 1.09431408e-01 1.03051089e-01
    1.13342486e-01 8.07561055e-02 7.13794306e-02 1.13009468e-01
    1.06382973e-01 8.21623653e-02 1.12894744e-01 1.02765158e-01
    1.06715940e-01 1.16245560e-01 9.25658196e-02</data></per_view_reprojection_errors>
<extrinsic_parameters_r_0 type_id="opencv-matrix">
  <rows>3</rows>
  <cols>1</cols>
  <dt>d</dt>
  <data>
    -1.2850710613479313e+00 -4.6012838553286106e-01
    -5.2071488103044394e-01</data></extrinsic_parameters_r_0>
<extrinsic_parameters_t_0 type_id="opencv-matrix">
  <rows>3</rows>
  <cols>1</cols>
  <dt>d</dt>
  <data>
    -1.8641424137685513e+02 5.2988453398436654e+01
    2.5607919009546777e+02</data></extrinsic_parameters_t_0>
<extrinsic_parameters_r_1 type_id="opencv-matrix">
  <rows>3</rows>
  <cols>1</cols>
  <dt>d</dt>
  <data>
    -5.1542132168789978e-01 -1.6978776999157802e-01
    -5.5973348010355674e-02</data></extrinsic_parameters_r_1>
<extrinsic_parameters_t_1 type_id="opencv-matrix">
  <rows>3</rows>
  <cols>1</cols>
  <dt>d</dt>
  <data>
    -1.2632742021464293e+02 -2.8350189857185057e+01
    3.4180686559413942e+02</data></extrinsic_parameters_t_1>
<extrinsic_parameters_r_2 type_id="opencv-matrix">
  <rows>3</rows>
  <cols>1</cols>
  <dt>d</dt>
  <data>
    -5.2076120260580949e-01 1.2095279701172433e-01
    9.5920185544932243e-02</data></extrinsic_parameters_r_2>
<extrinsic_parameters_t_2 type_id="opencv-matrix">
  <rows>3</rows>
  <cols>1</cols>
  <dt>d</dt>
  <data>
    -5.0223425999426802e+01 -3.0811676602655165e+01
    3.6337783563290219e+02</data></extrinsic_parameters_t_2>
<extrinsic_parameters_r_3 type_id="opencv-matrix">
  <rows>3</rows>
  <cols>1</cols>
  <dt>d</dt>
  <data>
    -5.1612395887306217e-01 -1.7223641950606733e-01
    -5.7095358899882945e-02</data></extrinsic_parameters_r_3>
<extrinsic_parameters_t_3 type_id="opencv-matrix">
  <rows>3</rows>
  <cols>1</cols>
  <dt>d</dt>
  <data>
    -1.6989374358211376e+02 -2.4879179426219451e+01
    3.2026386412463199e+02</data></extrinsic_parameters_t_3>
<extrinsic_parameters_r_4 type_id="opencv-matrix">
  <rows>3</rows>
  <cols>1</cols>
  <dt>d</dt>
  <data>
    -4.9465253425095196e-01 -5.4155639131695832e-01
    -2.5295221848732702e-01</data></extrinsic_parameters_r_4>
<extrinsic_parameters_t_4 type_id="opencv-matrix">
  <rows>3</rows>
  <cols>1</cols>
  <dt>d</dt>
  <data>
    -2.0142339080342316e+02 -1.4582709599387327e+01
    2.7038777396687107e+02</data></extrinsic_parameters_t_4>
